function [Sigma_t, Sigma_tr, Sigma_s, Sigma_f, nu, chi] = getGuide7()
%{
    Loads the Material properties for 7 group for the guide tubes and used 
    the transport cross section as the total cross section 
    
    Output: 
        Sigma_t: Total Crosssection as an Ng x 1 column vector 
        Sigma_tr: Transport Crosssection as an Ng x 1 column vector 
        Sigma_s: Scattering Crosssection as an Ng x Ng Matrix 
        Sigma_f: Fission Crosssection as an Ng x 1 column vector
        nu: number of neutrons per fussion as an an Ng x 1 column vector
        chi: neutron spectrum as an Ng x 1 column vector    
%}    
    all = [ ...
    1.90730E-01 1.26032E-01 5.11320E-04 5.11320E-04; ...
    4.56520E-01 2.93160E-01 7.58010E-05 7.58010E-05; ... 
    6.40670E-01 2.84240E-01 3.15720E-04 3.15720E-04; ... 
    6.49670E-01 2.80960E-01 1.15820E-03 1.15820E-03; ... 
    6.70580E-01 3.34440E-01 3.39750E-03 3.39750E-03; ... 
    8.75050E-01 5.65640E-01 9.18780E-03 9.18780E-03; ... 
    1.43450E+00 1.17215E+00 2.32420E-02 2.32420E-02];
        
    Sigma_t = all( :, 2 );
    Sigma_tr = all( :, 2 );
    Sigma_f = zeros( 7, 1 );
    nu = zeros( 7, 1 );
    chi = zeros( 7, 1 );

    Sigma_s = [ ...
    6.61659E-02 5.90700E-02 2.83340E-04 1.46220E-06 2.06420E-08 0.00000E+00 0.00000E+00; ...
    0.00000E+00 2.40377E-01 5.24350E-02 2.49900E-04 1.92390E-05 2.98750E-06 4.21400E-07; ... 
    0.00000E+00 0.00000E+00 1.83297E-01 9.23970E-02 6.94460E-03 1.08030E-03 2.05670E-04; ...
    0.00000E+00 0.00000E+00 0.00000E+00 7.88511E-02 1.70140E-01 2.58810E-02 4.92970E-03; ...
    0.00000E+00 0.00000E+00 0.00000E+00 3.73330E-05 9.97372E-02 2.06790E-01 2.44780E-02; ... 
    0.00000E+00 0.00000E+00 0.00000E+00 0.00000E+00 9.17260E-04 3.16765E-01 2.38770E-01; ... 
    0.00000E+00 0.00000E+00 0.00000E+00 0.00000E+00 0.00000E+00 4.97920E-02 1.09912E+00]';
end

