function [Sigma_t, Sigma_tr, Sigma_s, Sigma_f, nu, chi] = getMod7()
%{
    Loads the Material properties for 7 group for the moderator and used 
    the transport cross section as the total cross section 
    
    Output: 
        Sigma_t: Total Crosssection as an Ng x 1 column vector 
        Sigma_tr: Transport Crosssection as an Ng x 1 column vector 
        Sigma_s: Scattering Crosssection as an Ng x Ng Matrix 
        Sigma_f: Fission Crosssection as an Ng x 1 column vector
        nu: number of neutrons per fussion as an an Ng x 1 column vector
        chi: neutron spectrum as an Ng x 1 column vector    
%}    
    all = [ ...
    2.30070E-01 1.59206E-01 6.01050E-04 6.01050E-04; ...
    7.76460E-01 4.12970E-01 1.57930E-05 1.57930E-05; ...
    1.48420E+00 5.90310E-01 3.37160E-04 3.37160E-04; ...
    1.50520E+00 5.84350E-01 1.94060E-03 1.94060E-03; ...
    1.55920E+00 7.18000E-01 5.74160E-03 5.74160E-03; ...
    2.02540E+00 1.25445E+00 1.50010E-02 1.50010E-02; ...
    3.30570E+00 2.65038E+00 3.72390E-02 3.72390E-02];
        
    Sigma_t = all( :, 2 );
    Sigma_tr = all( :, 2 );
    Sigma_f = zeros( 7, 1 );
    nu = zeros( 7, 1 );
    chi = zeros( 7, 1 );

    Sigma_s = [ ...
    4.44777E-02 1.13400E-01 7.23470E-04 3.74990E-06 5.31840E-08 0.00000E+00 0.00000E+00; ... 
    0.00000E+00 2.82334E-01 1.29940E-01 6.23400E-04 4.80020E-05 7.44860E-06 1.04550E-06; ...
    0.00000E+00 0.00000E+00 3.45256E-01 2.24570E-01 1.69990E-02 2.64430E-03 5.03440E-04; ...
    0.00000E+00 0.00000E+00 0.00000E+00 9.10284E-02 4.15510E-01 6.37320E-02 1.21390E-02; ...
    0.00000E+00 0.00000E+00 0.00000E+00 7.14370E-05 1.39138E-01 5.11820E-01 6.12290E-02; ...
    0.00000E+00 0.00000E+00 0.00000E+00 0.00000E+00 2.21570E-03 6.99913E-01 5.37320E-01; ... 
    0.00000E+00 0.00000E+00 0.00000E+00 0.00000E+00 0.00000E+00 1.32440E-01 2.48070E+00]';
end

