function [Sigma_t, Sigma_tr, Sigma_s, Sigma_f, nu, chi] = getU7()
%{
    Loads the Material properties for 7 group UO2 and used the transport
    cross section as the total cross section 
    
    Output: 
        Sigma_t: Total Crosssection as an Ng x 1 column vector 
        Sigma_tr: Transport Crosssection as an Ng x 1 column vector 
        Sigma_s: Scattering Crosssection as an Ng x Ng Matrix 
        Sigma_f: Fission Crosssection as an Ng x 1 column vector
        nu: number of neutrons per fussion as an an Ng x 1 column vector
        chi: neutron spectrum as an Ng x 1 column vector    
%}    
    all = [ ...
    2.12450E-01 1.77949E-01 8.02480E-03 8.12740E-04 7.21206E-03 2.78145E+00 5.87910E-01; ...
    3.55470E-01 3.29805E-01 3.71740E-03 2.89810E-03 8.19301E-04 2.47443E+00 4.11760E-01; ...
    4.85540E-01 4.80388E-01 2.67690E-02 2.03158E-02 6.45320E-03 2.43383E+00 3.39060E-04; ...
    5.59400E-01 5.54367E-01 9.62360E-02 7.76712E-02 1.85648E-02 2.43380E+00 1.17610E-07; ...
    3.18030E-01 3.11801E-01 3.00200E-02 1.22116E-02 1.78084E-02 2.43380E+00 0.00000E+00; ...
    4.01460E-01 3.95168E-01 1.11260E-01 2.82252E-02 8.30348E-02 2.43380E+00 0.00000E+00; ...
    5.70610E-01 5.64406E-01 2.82780E-01 6.67760E-02 2.16004E-01 2.43380E+00 0.00000E+00];
        
    Sigma_t = all( :, 2 );
    Sigma_tr = all( :, 2 );
    Sigma_f = all( :, end - 2 );
    nu = all( :, end - 1 );
    chi = all( :, end );

    Sigma_s = [ ...
    1.27537E-01 4.23780E-02 9.43740E-06 5.51630E-09 0.00000E+00 0.00000E+00 0.00000E+00; ... 
    0.00000E+00 3.24456E-01 1.63140E-03 3.14270E-09 0.00000E+00 0.00000E+00 0.00000E+00; ... 
    0.00000E+00 0.00000E+00 4.50940E-01 2.67920E-03 0.00000E+00 0.00000E+00 0.00000E+00; ... 
    0.00000E+00 0.00000E+00 0.00000E+00 4.52565E-01 5.56640E-03 0.00000E+00 0.00000E+00; ... 
    0.00000E+00 0.00000E+00 0.00000E+00 1.25250E-04 2.71401E-01 1.02550E-02 1.00210E-08; ... 
    0.00000E+00 0.00000E+00 0.00000E+00 0.00000E+00 1.29680E-03 2.65802E-01 1.68090E-02; ... 
    0.00000E+00 0.00000E+00 0.00000E+00 0.00000E+00 0.00000E+00 8.54580E-03 2.73080E-01]';
end

